E_B#3 / keV	N_B#3	E_B#4 / keV	N_B#4
-8,2	2	-8,2	1
-7,4	1	-7,4	0
-6,6	2	-6,6	0
-5,8	0	-5,8	2
-5,0	8	-5,0	26
-4,2	108	-4,2	237
-3,3	340	-3,3	657
-2,5	449	-2,5	832
-1,7	439	-1,7	922
-0,9	412	-0,9	949
-0,1	419	-0,1	940
0,7	386	0,7	1070
1,5	391	1,5	1102
2,3	327	2,3	1214
3,2	378	3,2	1203
4,0	409	4,0	1250
4,8	443	4,8	1305
5,6	398	5,6	1329
6,4	458	6,4	1422
7,2	428	7,2	1423
8,0	435	8,0	1474
8,9	416	8,9	1429
9,7	455	9,7	1473
10,5	456	10,5	1567
11,3	469	11,3	1513
12,1	484	12,1	1688
12,9	542	12,9	1690
13,7	557	13,7	1793
14,5	514	14,5	1843
15,4	527	15,4	2019
16,2	523	16,2	2152
17,0	514	17,0	2537
17,8	558	17,8	2719
18,6	582	18,6	2887
19,4	612	19,4	3175
20,2	612	20,2	3042
21,1	609	21,1	3019
21,9	611	21,9	2757
22,7	639	22,7	2553
23,5	702	23,5	2379
24,3	743	24,3	2206
25,1	838	25,1	2083
25,9	940	25,9	2033
26,7	1267	26,7	1875
27,6	1631	27,6	1858
28,4	2151	28,4	1763
29,2	3009	29,2	1799
30,0	3638	30,0	1823
30,8	4329	30,8	1823
31,6	4796	31,6	1862
32,4	4822	32,4	1788
33,3	4572	33,3	1808
34,1	4073	34,1	1770
34,9	3489	34,9	1754
35,7	2884	35,7	1807
36,5	2380	36,5	1739
37,3	2165	37,3	1851
38,1	1856	38,1	1728
38,9	1564	38,9	1947
39,8	1353	39,8	1770
40,6	1214	40,6	1920
41,4	1013	41,4	1887
42,2	941	42,2	2109
43,0	854	43,0	2094
43,8	752	43,8	2199
44,6	744	44,6	2369
45,5	703	45,5	2430
46,3	714	46,3	2834
47,1	649	47,1	3029
47,9	686	47,9	3232
48,7	715	48,7	3330
49,5	729	49,5	3456
50,3	702	50,3	3654
51,1	705	51,1	3477
52,0	728	52,0	3494
52,8	760	52,8	3222
53,6	740	53,6	3048
54,4	754	54,4	3041
55,2	754	55,2	2874
56,0	745	56,0	2728
56,8	778	56,8	2749
57,6	791	57,6	2752
58,5	778	58,5	2915
59,3	815	59,3	2790
60,1	772	60,1	2802
60,9	797	60,9	2731
61,7	808	61,7	2633
62,5	804	62,5	2778
63,3	811	63,3	2858
64,2	797	64,2	2774
65,0	797	65,0	2855
65,8	807	65,8	2789
66,6	844	66,6	2955
67,4	824	67,4	2846
68,2	830	68,2	3057
69,0	846	69,0	3136
69,8	828	69,8	3199
70,7	849	70,7	3397
71,5	890	71,5	3529
72,3	828	72,3	3713
73,1	863	73,1	3976
73,9	867	73,9	4414
74,7	868	74,7	4739
75,5	938	75,5	5375
76,4	924	76,4	5952
77,2	860	77,2	6476
78,0	938	78,0	7556
78,8	915	78,8	8166
79,6	888	79,6	8981
80,4	1002	80,4	9826
81,2	892	81,2	10266
82,0	953	82,0	10864
82,9	971	82,9	10940
83,7	965	83,7	11002
84,5	948	84,5	10622
85,3	925	85,3	10000
86,1	921	86,1	9400
86,9	932	86,9	8459
87,7	990	87,7	7725
88,6	946	88,6	7151
89,4	939	89,4	6421
90,2	979	90,2	6138
91,0	914	91,0	5840
91,8	982	91,8	5608
92,6	917	92,6	5451
93,4	890	93,4	5262
94,2	927	94,2	5285
95,1	935	95,1	4889
95,9	915	95,9	4702
96,7	975	96,7	4593
97,5	903	97,5	4304
98,3	850	98,3	4071
99,1	918	99,1	3788
99,9	910	99,9	3584
100,7	880	100,7	3404
101,6	977	101,6	3149
102,4	919	102,4	3143
103,2	898	103,2	2813
104,0	884	104,0	2658
104,8	893	104,8	2615
105,6	924	105,6	2620
106,4	873	106,4	2537
107,3	926	107,3	2566
108,1	935	108,1	2467
108,9	900	108,9	2533
109,7	872	109,7	2601
110,5	902	110,5	2445
111,3	942	111,3	2492
112,1	899	112,1	2436
112,9	927	112,9	2403
113,8	938	113,8	2444
114,6	897	114,6	2490
115,4	929	115,4	2397
116,2	910	116,2	2400
117,0	874	117,0	2349
117,8	921	117,8	2327
118,6	967	118,6	2448
119,5	956	119,5	2384
120,3	930	120,3	2287
121,1	861	121,1	2387
121,9	941	121,9	2386
122,7	900	122,7	2166
123,5	912	123,5	2261
124,3	937	124,3	2317
125,1	893	125,1	2266
126,0	938	126,0	2303
126,8	985	126,8	2321
127,6	934	127,6	2295
128,4	950	128,4	2227
129,2	917	129,2	2383
130,0	942	130,0	2385
130,8	922	130,8	2268
131,7	881	131,7	2295
132,5	856	132,5	2249
133,3	897	133,3	2314
134,1	898	134,1	2242
134,9	881	134,9	2280
135,7	889	135,7	2376
136,5	858	136,5	2316
137,3	897	137,3	2253
138,2	861	138,2	2303
139,0	883	139,0	2252
139,8	901	139,8	2278
140,6	905	140,6	2278
141,4	867	141,4	2317
142,2	869	142,2	2315
143,0	849	143,0	2304
143,9	863	143,9	2248
144,7	861	144,7	2321
145,5	885	145,5	2226
146,3	870	146,3	2287
147,1	810	147,1	2301
147,9	866	147,9	2249
148,7	833	148,7	2297
149,5	881	149,5	2276
150,4	881	150,4	2178
151,2	891	151,2	2164
152,0	863	152,0	2205
152,8	864	152,8	2226
153,6	828	153,6	2254
154,4	844	154,4	2179
155,2	829	155,2	2217
156,0	912	156,0	2246
156,9	809	156,9	2183
157,7	855	157,7	2164
158,5	886	158,5	2189
159,3	839	159,3	2216
160,1	859	160,1	2157
160,9	877	160,9	2241
161,7	819	161,7	2149
162,6	808	162,6	2067
163,4	872	163,4	2071
164,2	836	164,2	1981
165,0	882	165,0	2032
165,8	812	165,8	1978
166,6	841	166,6	2036
167,4	857	167,4	1958
168,2	864	168,2	2025
169,1	901	169,1	1868
169,9	863	169,9	2013
170,7	814	170,7	1980
171,5	888	171,5	1938
172,3	930	172,3	1925
173,1	951	173,1	1998
173,9	891	173,9	1825
174,8	928	174,8	1853
175,6	855	175,6	1880
176,4	894	176,4	1912
177,2	907	177,2	1965
178,0	938	178,0	2088
178,8	970	178,8	1998
179,6	998	179,6	2114
180,4	1000	180,4	2178
181,3	1059	181,3	2215
182,1	1047	182,1	2188
182,9	1035	182,9	2295
183,7	1100	183,7	2379
184,5	1082	184,5	2398
185,3	1164	185,3	2373
186,1	1163	186,1	2490
187,0	1180	187,0	2470
187,8	1214	187,8	2451
188,6	1217	188,6	2628
189,4	1246	189,4	2619
190,2	1238	190,2	2532
191,0	1266	191,0	2658
191,8	1261	191,8	2579
192,6	1282	192,6	2506
193,5	1338	193,5	2541
194,3	1223	194,3	2551
195,1	1313	195,1	2511
195,9	1389	195,9	2410
196,7	1277	196,7	2267
197,5	1264	197,5	2289
198,3	1319	198,3	2283
199,1	1328	199,1	2203
200,0	1257	200,0	2067
200,8	1296	200,8	1941
201,6	1242	201,6	1848
202,4	1276	202,4	1785
203,2	1308	203,2	1902
204,0	1246	204,0	1812
204,8	1224	204,8	1783
205,7	1207	205,7	1699
206,5	1195	206,5	1628
207,3	1134	207,3	1649
208,1	1179	208,1	1579
208,9	1122	208,9	1500
209,7	1086	209,7	1532
210,5	1107	210,5	1513
211,3	1129	211,3	1495
212,2	973	212,2	1469
213,0	1115	213,0	1494
213,8	1057	213,8	1426
214,6	1017	214,6	1458
215,4	1022	215,4	1389
216,2	1019	216,2	1348
217,0	1035	217,0	1312
217,9	967	217,9	1395
218,7	942	218,7	1317
219,5	1025	219,5	1352
220,3	929	220,3	1404
221,1	963	221,1	1371
221,9	914	221,9	1382
222,7	950	222,7	1307
223,5	928	223,5	1291
224,4	901	224,4	1287
225,2	866	225,2	1295
226,0	895	226,0	1343
226,8	897	226,8	1317
227,6	872	227,6	1308
228,4	866	228,4	1305
229,2	844	229,2	1398
230,1	864	230,1	1415
230,9	817	230,9	1421
231,7	832	231,7	1511
232,5	856	232,5	1439
233,3	842	233,3	1538
234,1	858	234,1	1585
234,9	829	234,9	1597
235,7	813	235,7	1747
236,6	761	236,6	1723
237,4	829	237,4	1745
238,2	818	238,2	1771
239,0	809	239,0	1868
239,8	842	239,8	2041
240,6	785	240,6	2043
241,4	829	241,4	2048
242,2	805	242,2	2055
243,1	761	243,1	2138
243,9	785	243,9	2239
244,7	785	244,7	2190
245,5	827	245,5	2137
246,3	730	246,3	2290
247,1	754	247,1	2238
247,9	825	247,9	2197
248,8	756	248,8	2233
249,6	781	249,6	2211
250,4	774	250,4	2327
251,2	783	251,2	2136
252,0	736	252,0	2079
252,8	732	252,8	2067
253,6	705	253,6	1998
254,4	758	254,4	2024
255,3	780	255,3	2005
256,1	800	256,1	1987
256,9	740	256,9	1915
257,7	807	257,7	1815
258,5	717	258,5	1840
259,3	763	259,3	1746
260,1	801	260,1	1661
261,0	704	261,0	1570
261,8	696	261,8	1566
262,6	730	262,6	1463
263,4	719	263,4	1489
264,2	712	264,2	1411
265,0	726	265,0	1349
265,8	751	265,8	1307
266,6	721	266,6	1328
267,5	700	267,5	1234
268,3	707	268,3	1195
269,1	725	269,1	1230
269,9	714	269,9	1168
270,7	759	270,7	1064
271,5	697	271,5	1177
272,3	702	272,3	1080
273,2	668	273,2	1106
274,0	737	274,0	1083
274,8	650	274,8	1128
275,6	713	275,6	1084
276,4	697	276,4	1044
277,2	680	277,2	1134
278,0	698	278,0	1092
278,8	673	278,8	1193
279,7	687	279,7	1205
280,5	699	280,5	1227
281,3	665	281,3	1257
282,1	699	282,1	1351
282,9	753	282,9	1332
283,7	670	283,7	1445
284,5	681	284,5	1473
285,4	711	285,4	1555
286,2	725	286,2	1673
287,0	666	287,0	1657
287,8	695	287,8	1821
288,6	678	288,6	1799
289,4	681	289,4	1938
290,2	692	290,2	1981
291,0	673	291,0	2035
291,9	715	291,9	2125
292,7	669	292,7	2219
293,5	724	293,5	2328
294,3	705	294,3	2398
295,1	659	295,1	2511
295,9	646	295,9	2504
296,7	700	296,7	2633
297,5	693	297,5	2643
298,4	679	298,4	2736
299,2	696	299,2	2763
300,0	696	300,0	2758
300,8	592	300,8	2806
301,6	653	301,6	2764
302,4	634	302,4	2797
303,2	630	303,2	2713
304,1	631	304,1	2785
304,9	696	304,9	2719
305,7	653	305,7	2668
306,5	621	306,5	2580
307,3	700	307,3	2589
308,1	676	308,1	2627
308,9	657	308,9	2572
309,7	681	309,7	2452
310,6	656	310,6	2374
311,4	652	311,4	2329
312,2	646	312,2	2238
313,0	639	313,0	2137
313,8	648	313,8	2055
314,6	667	314,6	1929
315,4	727	315,4	1870
316,3	592	316,3	1858
317,1	685	317,1	1598
317,9	631	317,9	1690
318,7	653	318,7	1563
319,5	666	319,5	1477
320,3	669	320,3	1391
321,1	610	321,1	1348
321,9	619	321,9	1260
322,8	644	322,8	1201
323,6	653	323,6	1150
324,4	676	324,4	1079
325,2	690	325,2	1099
326,0	631	326,0	1068
326,8	654	326,8	986
327,6	657	327,6	1070
328,5	627	328,5	981
329,3	636	329,3	970
330,1	590	330,1	987
330,9	618	330,9	995
331,7	639	331,7	977
332,5	639	332,5	1006
333,3	635	333,3	1063
334,1	687	334,1	1069
335,0	690	335,0	1166
335,8	704	335,8	1214
336,6	607	336,6	1251
337,4	635	337,4	1264
338,2	669	338,2	1402
339,0	615	339,0	1462
339,8	688	339,8	1582
340,6	606	340,6	1571
341,5	590	341,5	1727
342,3	663	342,3	1856
343,1	635	343,1	1976
343,9	652	343,9	2004
344,7	704	344,7	2116
345,5	675	345,5	2234
346,3	647	346,3	2241
347,2	634	347,2	2479
348,0	600	348,0	2585
348,8	636	348,8	2708
349,6	655	349,6	2701
350,4	623	350,4	2837
351,2	669	351,2	2926
352,0	680	352,0	2890
352,8	679	352,8	3028
353,7	646	353,7	3138
354,5	620	354,5	3183
355,3	672	355,3	3294
356,1	654	356,1	3345
356,9	630	356,9	3306
357,7	625	357,7	3288
358,5	602	358,5	3278
359,4	635	359,4	3510
360,2	639	360,2	3327
361,0	687	361,0	3413
361,8	687	361,8	3445
362,6	623	362,6	3343
363,4	691	363,4	3380
364,2	647	364,2	3397
365,0	602	365,0	3238
365,9	670	365,9	3046
366,7	650	366,7	3201
367,5	649	367,5	2913
368,3	632	368,3	2859
369,1	657	369,1	2945
369,9	661	369,9	2789
370,7	652	370,7	2624
371,6	624	371,6	2509
372,4	653	372,4	2356
373,2	600	373,2	2256
374,0	608	374,0	2155
374,8	690	374,8	2044
375,6	632	375,6	1997
376,4	692	376,4	1849
377,2	617	377,2	1781
378,1	644	378,1	1650
378,9	613	378,9	1526
379,7	598	379,7	1507
380,5	622	380,5	1414
381,3	617	381,3	1273
382,1	681	382,1	1249
382,9	627	382,9	1099
383,8	650	383,8	1091
384,6	663	384,6	1021
385,4	639	385,4	976
386,2	668	386,2	878
387,0	651	387,0	888
387,8	661	387,8	899
388,6	657	388,6	798
389,4	729	389,4	798
390,3	646	390,3	763
391,1	666	391,1	783
391,9	637	391,9	718
392,7	666	392,7	714
393,5	689	393,5	672
394,3	617	394,3	688
395,1	640	395,1	654
395,9	646	395,9	675
396,8	624	396,8	635
397,6	646	397,6	627
398,4	678	398,4	635
399,2	670	399,2	626
400,0	663	400,0	606
400,8	607	400,8	639
401,6	680	401,6	572
402,5	692	402,5	586
403,3	676	403,3	602
404,1	672	404,1	593
404,9	662	404,9	591
405,7	654	405,7	603
406,5	643	406,5	593
407,3	675	407,3	554
408,1	657	408,1	627
409,0	651	409,0	528
409,8	643	409,8	521
410,6	626	410,6	538
411,4	609	411,4	579
412,2	625	412,2	574
413,0	652	413,0	549
413,8	679	413,8	509
414,7	671	414,7	546
415,5	672	415,5	538
416,3	688	416,3	518
417,1	690	417,1	541
417,9	688	417,9	512
418,7	672	418,7	497
419,5	686	419,5	525
420,3	666	420,3	492
421,2	700	421,2	490
422,0	712	422,0	478
422,8	707	422,8	507
423,6	703	423,6	493
424,4	663	424,4	479
425,2	703	425,2	451
426,0	714	426,0	448
426,9	679	426,9	489
427,7	743	427,7	463
428,5	637	428,5	405
429,3	729	429,3	439
430,1	723	430,1	441
430,9	694	430,9	478
431,7	690	431,7	442
432,5	727	432,5	416
433,4	699	433,4	426
434,2	708	434,2	421
435,0	719	435,0	436
435,8	677	435,8	445
436,6	692	436,6	405
437,4	663	437,4	382
438,2	680	438,2	411
439,0	706	439,0	392
439,9	654	439,9	416
440,7	704	440,7	410
441,5	692	441,5	383
442,3	697	442,3	399
443,1	710	443,1	404
443,9	666	443,9	370
444,7	717	444,7	380
445,6	678	445,6	407
446,4	660	446,4	407
447,2	664	447,2	327
448,0	668	448,0	376
448,8	682	448,8	399
449,6	653	449,6	419
450,4	666	450,4	438
451,2	648	451,2	380
452,1	670	452,1	337
452,9	639	452,9	396
453,7	621	453,7	363
454,5	626	454,5	415
455,3	654	455,3	352
456,1	646	456,1	401
456,9	640	456,9	398
457,8	611	457,8	373
458,6	623	458,6	393
459,4	626	459,4	394
460,2	589	460,2	386
461,0	561	461,0	378
461,8	571	461,8	367
462,6	561	462,6	380
463,4	573	463,4	384
464,3	524	464,3	359
465,1	552	465,1	392
465,9	494	465,9	402
466,7	514	466,7	392
467,5	518	467,5	405
468,3	515	468,3	368
469,1	484	469,1	387
470,0	493	470,0	392
470,8	457	470,8	376
471,6	440	471,6	392
472,4	450	472,4	400
473,2	415	473,2	396
474,0	423	474,0	400
474,8	420	474,8	397
475,6	423	475,6	403
476,5	394	476,5	369
477,3	395	477,3	380
478,1	359	478,1	383
478,9	380	478,9	389
479,7	386	479,7	364
480,5	350	480,5	393
481,3	321	481,3	383
482,1	347	482,1	362
483,0	284	483,0	388
483,8	295	483,8	378
484,6	313	484,6	353
485,4	327	485,4	388
486,2	324	486,2	342
487,0	309	487,0	346
487,8	277	487,8	348
488,7	281	488,7	373
489,5	261	489,5	337
490,3	273	490,3	364
491,1	279	491,1	342
491,9	255	491,9	378
492,7	262	492,7	364
493,5	259	493,5	354
494,3	248	494,3	356
495,2	248	495,2	376
496,0	231	496,0	335
496,8	246	496,8	365
497,6	239	497,6	357
498,4	213	498,4	334
499,2	236	499,2	352
500,0	221	500,0	361
500,9	223	500,9	363
501,7	183	501,7	363
502,5	206	502,5	375
503,3	226	503,3	332
504,1	224	504,1	331
504,9	209	504,9	358
505,7	209	505,7	346
506,5	196	506,5	336
507,4	184	507,4	353
508,2	186	508,2	369
509,0	191	509,0	364
509,8	149	509,8	355
510,6	200	510,6	339
511,4	164	511,4	343
512,2	187	512,2	323
513,1	171	513,1	324
513,9	154	513,9	303
514,7	168	514,7	327
515,5	142	515,5	318
516,3	154	516,3	320
517,1	156	517,1	323
517,9	153	517,9	344
518,7	128	518,7	311
519,6	145	519,6	335
520,4	142	520,4	300
521,2	145	521,2	308
522,0	168	522,0	318
522,8	158	522,8	321
523,6	138	523,6	346
524,4	152	524,4	324
525,3	141	525,3	324
526,1	158	526,1	296
526,9	131	526,9	297
527,7	138	527,7	338
528,5	128	528,5	329
529,3	126	529,3	302
530,1	137	530,1	314
530,9	125	530,9	322
531,8	111	531,8	320
532,6	131	532,6	317
533,4	108	533,4	318
534,2	130	534,2	304
535,0	137	535,0	319
535,8	125	535,8	322
536,6	122	536,6	321
537,4	106	537,4	316
538,3	117	538,3	307
539,1	110	539,1	317
539,9	108	539,9	330
540,7	104	540,7	330
541,5	111	541,5	315
542,3	114	542,3	305
543,1	114	543,1	306
544,0	100	544,0	310
544,8	111	544,8	290
545,6	116	545,6	294
546,4	104	546,4	293
547,2	112	547,2	299
548,0	94	548,0	292
548,8	98	548,8	319
549,6	89	549,6	298
550,5	84	550,5	303
551,3	97	551,3	295
552,1	102	552,1	316
552,9	97	552,9	291
553,7	101	553,7	294
554,5	89	554,5	333
555,3	100	555,3	266
556,2	88	556,2	268
557,0	105	557,0	259
557,8	89	557,8	266
558,6	74	558,6	340
559,4	81	559,4	321
560,2	83	560,2	287
561,0	79	561,0	306
561,8	70	561,8	297
562,7	80	562,7	339
563,5	98	563,5	313
564,3	92	564,3	280
565,1	62	565,1	354
565,9	85	565,9	337
566,7	74	566,7	350
567,5	80	567,5	344
568,4	78	568,4	355
569,2	78	569,2	372
570,0	88	570,0	354
570,8	76	570,8	401
571,6	91	571,6	401
572,4	66	572,4	405
573,2	65	573,2	446
574,0	78	574,0	455
574,9	84	574,9	481
575,7	75	575,7	482
576,5	80	576,5	492
577,3	92	577,3	520
578,1	70	578,1	586
578,9	73	578,9	598
579,7	86	579,7	573
580,5	81	580,5	608
581,4	71	581,4	606
582,2	92	582,2	684
583,0	68	583,0	700
583,8	66	583,8	723
584,6	73	584,6	691
585,4	86	585,4	751
586,2	79	586,2	784
587,1	95	587,1	831
587,9	85	587,9	829
588,7	66	588,7	897
589,5	71	589,5	948
590,3	70	590,3	948
591,1	66	591,1	957
591,9	67	591,9	979
592,7	94	592,7	965
593,6	79	593,6	1084
594,4	77	594,4	1113
595,2	77	595,2	1093
596,0	85	596,0	1216
596,8	90	596,8	1227
597,6	71	597,6	1275
598,4	77	598,4	1255
599,3	80	599,3	1302
600,1	98	600,1	1403
600,9	74	600,9	1332
601,7	94	601,7	1372
602,5	78	602,5	1521
603,3	95	603,3	1426
604,1	87	604,1	1525
604,9	106	604,9	1464
605,8	113	605,8	1456
606,6	96	606,6	1439
607,4	127	607,4	1524
608,2	133	608,2	1504
609,0	128	609,0	1456
609,8	128	609,8	1572
610,6	153	610,6	1549
611,5	166	611,5	1494
612,3	157	612,3	1435
613,1	174	613,1	1442
613,9	192	613,9	1437
614,7	205	614,7	1420
615,5	234	615,5	1445
616,3	229	616,3	1359
617,1	251	617,1	1423
618,0	289	618,0	1328
618,8	312	618,8	1304
619,6	331	619,6	1271
620,4	351	620,4	1235
621,2	360	621,2	1205
622,0	433	622,0	1193
622,8	476	622,8	1139
623,7	490	623,7	1154
624,5	575	624,5	1132
625,3	582	625,3	1065
626,1	681	626,1	1123
626,9	667	626,9	1021
627,7	780	627,7	971
628,5	812	628,5	941
629,3	852	629,3	862
630,2	957	630,2	878
631,0	904	631,0	798
631,8	1080	631,8	765
632,6	1108	632,6	791
633,4	1179	633,4	714
634,2	1235	634,2	751
635,0	1318	635,0	659
635,8	1471	635,8	662
636,7	1534	636,7	605
637,5	1518	637,5	609
638,3	1666	638,3	578
639,1	1717	639,1	536
639,9	1826	639,9	532
640,7	2007	640,7	497
641,5	1939	641,5	454
642,4	2012	642,4	470
643,2	2192	643,2	386
644,0	2329	644,0	413
644,8	2334	644,8	375
645,6	2562	645,6	398
646,4	2583	646,4	373
647,2	2743	647,2	368
648,0	2765	648,0	342
648,9	2884	648,9	333
649,7	2965	649,7	339
650,5	3054	650,5	307
651,3	2974	651,3	315
652,1	3076	652,1	300
652,9	3207	652,9	277
653,7	3200	653,7	306
654,6	3385	654,6	292
655,4	3457	655,4	297
656,2	3431	656,2	288
657,0	3546	657,0	280
657,8	3555	657,8	269
658,6	3576	658,6	267
659,4	3481	659,4	279
660,2	3523	660,2	254
661,1	3429	661,1	284
661,9	3656	661,9	271
662,7	3703	662,7	255
663,5	3501	663,5	267
664,3	3617	664,3	293
665,1	3523	665,1	249
665,9	3499	665,9	282
666,8	3400	666,8	237
667,6	3327	667,6	254
668,4	3248	668,4	255
669,2	3160	669,2	246
670,0	3080	670,0	268
670,8	3128	670,8	274
671,6	3096	671,6	264
672,4	2985	672,4	268
673,3	2875	673,3	263
674,1	2783	674,1	263
674,9	2760	674,9	253
675,7	2651	675,7	271
676,5	2640	676,5	229
677,3	2530	677,3	291
678,1	2308	678,1	238
678,9	2242	678,9	230
679,8	2200	679,8	283
680,6	2107	680,6	250
681,4	1982	681,4	279
682,2	1871	682,2	259
683,0	1807	683,0	252
683,8	1667	683,8	252
684,6	1634	684,6	240
685,5	1486	685,5	241
686,3	1451	686,3	274
687,1	1306	687,1	241
687,9	1224	687,9	226
688,7	1148	688,7	217
689,5	1040	689,5	267
690,3	989	690,3	216
691,1	899	691,1	244
692,0	876	692,0	251
692,8	834	692,8	254
693,6	729	693,6	231
694,4	653	694,4	255
695,2	625	695,2	260
696,0	599	696,0	239
696,8	512	696,8	240
697,7	447	697,7	237
698,5	451	698,5	249
699,3	399	699,3	219
700,1	358	700,1	249
700,9	318	700,9	255
701,7	305	701,7	257
702,5	245	702,5	229
703,3	232	703,3	239
704,2	195	704,2	250
705,0	217	705,0	241
705,8	174	705,8	257
706,6	163	706,6	239
707,4	127	707,4	251
708,2	129	708,2	238
709,0	111	709,0	251
709,9	107	709,9	241
710,7	70	710,7	246
711,5	75	711,5	260
712,3	70	712,3	235
713,1	65	713,1	243
713,9	55	713,9	248
714,7	42	714,7	262
715,5	39	715,5	231
716,4	34	716,4	230
717,2	32	717,2	244
718,0	24	718,0	233
718,8	32	718,8	232
719,6	18	719,6	242
720,4	21	720,4	259
721,2	19	721,2	230
722,0	17	722,0	252
722,9	18	722,9	247
723,7	18	723,7	255
724,5	19	724,5	270
725,3	15	725,3	254
726,1	11	726,1	258
726,9	14	726,9	264
727,7	11	727,7	254
728,6	15	728,6	274
729,4	5	729,4	242
730,2	6	730,2	264
731,0	10	731,0	274
731,8	6	731,8	249
732,6	7	732,6	266
733,4	5	733,4	271
734,2	16	734,2	258
735,1	8	735,1	251
735,9	7	735,9	290
736,7	4	736,7	248
737,5	7	737,5	286
738,3	8	738,3	261
739,1	9	739,1	306
739,9	8	739,9	293
740,8	9	740,8	280
741,6	8	741,6	285
742,4	10	742,4	286
743,2	9	743,2	314
744,0	8	744,0	250
744,8	4	744,8	251
745,6	5	745,6	268
746,4	10	746,4	277
747,3	10	747,3	304
748,1	12	748,1	304
748,9	10	748,9	273
749,7	9	749,7	296
750,5	8	750,5	321
751,3	5	751,3	299
752,1	4	752,1	286
753,0	9	753,0	298
753,8	9	753,8	273
754,6	10	754,6	284
755,4	5	755,4	295
756,2	9	756,2	298
757,0	7	757,0	311
757,8	6	757,8	283
758,6	10	758,6	293
759,5	7	759,5	317
760,3	3	760,3	308
761,1	5	761,1	323
761,9	4	761,9	329
762,7	6	762,7	311
763,5	7	763,5	306
764,3	6	764,3	305
765,2	4	765,2	317
766,0	11	766,0	309
766,8	10	766,8	296
767,6	11	767,6	324
768,4	8	768,4	278
769,2	5	769,2	307
770,0	12	770,0	322
770,8	6	770,8	295
771,7	4	771,7	278
772,5	5	772,5	283
773,3	5	773,3	283
774,1	7	774,1	288
774,9	6	774,9	291
775,7	8	775,7	313
776,5	4	776,5	291
777,3	7	777,3	267
778,2	7	778,2	302
779,0	7	779,0	281
779,8	5	779,8	280
780,6	6	780,6	293
781,4	8	781,4	265
782,2	6	782,2	267
783,0	8	783,0	268
783,9	6	783,9	289
784,7	3	784,7	266
785,5	6	785,5	260
786,3	7	786,3	275
787,1	5	787,1	296
787,9	1	787,9	285
788,7	11	788,7	325
789,5	3	789,5	254
790,4	3	790,4	245
791,2	6	791,2	253
792,0	5	792,0	257
792,8	4	792,8	238
793,6	6	793,6	245
794,4	13	794,4	275
795,2	4	795,2	244
796,1	8	796,1	260
796,9	7	796,9	238
797,7	4	797,7	249
798,5	12	798,5	258
799,3	7	799,3	238
800,1	4	800,1	248
800,9	3	800,9	244
801,7	6	801,7	248
802,6	7	802,6	275
803,4	4	803,4	241
804,2	5	804,2	237
805,0	4	805,0	242
805,8	6	805,8	232
806,6	8	806,6	249
807,4	8	807,4	251
808,3	6	808,3	238
809,1	8	809,1	207
809,9	8	809,9	240
810,7	5	810,7	215
811,5	2	811,5	237
812,3	4	812,3	229
813,1	13	813,1	234
813,9	3	813,9	222
814,8	3	814,8	234
815,6	7	815,6	248
816,4	4	816,4	204
817,2	5	817,2	198
818,0	7	818,0	211
818,8	8	818,8	205
819,6	6	819,6	226
820,4	3	820,4	212
821,3	6	821,3	240
822,1	6	822,1	222
822,9	7	822,9	219
823,7	3815	823,7	151506
